	SamplingTime	TrainRiskP	TrainRiskAUC	TestRiskP	TestRiskAUC	TCGARiskP	TCGARiskAUC	GEO1RiskP	GEO1RiskAUC	GEO2RiskP	GEO2RiskAUC	GeneNums
19	24	4.17E-07	0.888679011	0.000146238	0.77444058	2.03E-09	0.819382612	NA	NA	NA	NA	7
22	27	1.49E-07	0.907548613	0.002716018	0.775662862	2.89E-09	0.805074922	NA	NA	NA	NA	8
25	31	5.37E-07	0.879161169	0.012402268	0.757123122	1.42E-07	0.804829854	NA	NA	NA	NA	8
58	66	0.000216946	0.851773659	0.004579149	0.723986343	2.16E-06	0.761992071	NA	NA	NA	NA	3
109	121	8.94E-05	0.815733109	0.040416077	0.70133812	1.08E-05	0.752042245	NA	NA	NA	NA	2
200	224	5.89E-06	0.865638484	0.021747746	0.727859471	9.36E-06	0.787171872	NA	NA	NA	NA	6
203	227	3.02E-09	0.907442694	0.04118646	0.775209116	9.69E-08	0.850532345	NA	NA	NA	NA	7
222	246	9.28E-09	0.913584697	0.042507668	0.705754595	5.73E-09	0.812868945	NA	NA	NA	NA	8
231	255	1.47E-07	0.905681581	0.033855165	0.702811095	2.12E-08	0.801048949	NA	NA	NA	NA	7
234	260	1.70E-05	0.823177376	0.002049193	0.812489171	1.29E-07	0.779373197	NA	NA	NA	NA	6
242	269	1.05E-07	0.861237563	0.011392115	0.744469388	3.85E-08	0.801121762	NA	NA	NA	NA	7
243	270	0.002100312	0.780360327	0.021562735	0.78888198	8.98E-05	0.753376255	NA	NA	NA	NA	2
244	271	7.08E-08	0.92528417	0.009283867	0.742867821	1.09E-08	0.813246559	NA	NA	NA	NA	6
256	284	1.02E-05	0.945548132	0.008169136	0.730008966	2.69E-08	0.821278608	NA	NA	NA	NA	7
283	315	3.71E-09	0.954982071	0.029623145	0.703289507	4.70E-08	0.800486389	NA	NA	NA	NA	8
286	318	2.04E-05	0.948104693	0.00276621	0.732727918	1.08E-07	0.786575887	NA	NA	NA	NA	8
307	341	1.26E-05	0.881125311	0.021447771	0.744572267	4.45E-06	0.803647519	NA	NA	NA	NA	8
322	358	0.000642302	0.797808418	0.005107554	0.704904788	1.57E-05	0.755842958	NA	NA	NA	NA	4
377	418	0.003382136	0.846198644	0.026933362	0.733907464	0.000255287	0.762710977	NA	NA	NA	NA	3
383	425	3.50E-05	0.84103324	0.00710065	0.786866628	4.82E-07	0.811202007	NA	NA	NA	NA	8
393	435	7.87E-06	0.904416826	0.011884012	0.727741891	1.15E-05	0.789755837	NA	NA	NA	NA	6
399	443	0.000289513	0.775629209	0.004918126	0.760328851	1.94E-05	0.757850751	NA	NA	NA	NA	3
410	455	2.37E-05	0.899420749	0.02157842	0.764114813	1.40E-05	0.821231864	NA	NA	NA	NA	7
444	493	0.002033988	0.71306276	0.00388718	0.724944151	8.84E-05	0.722904729	NA	NA	NA	NA	2
469	519	1.31E-06	0.940566793	0.006668998	0.727629569	1.69E-06	0.797304269	NA	NA	NA	NA	7
476	526	2.99E-05	0.804559646	0.035088607	0.735201622	2.80E-05	0.765875213	NA	NA	NA	NA	4
493	544	5.75E-09	0.887115988	0.025969821	0.752263637	7.17E-09	0.817497729	NA	NA	NA	NA	7
511	563	0.000104476	0.887383162	0.048123647	0.741461679	0.00017651	0.81991326	NA	NA	NA	NA	5
523	575	4.44E-06	0.837154717	0.001740043	0.725239652	3.64E-08	0.782564796	NA	NA	NA	NA	3
537	592	0.000162154	0.849397465	0.016287922	0.704593655	1.50E-05	0.783415947	NA	NA	NA	NA	8
549	604	0.002733737	0.806526453	0.040748974	0.710074934	0.000313619	0.756363423	NA	NA	NA	NA	3
596	661	8.95E-07	0.909557174	0.008632389	0.774347192	3.02E-08	0.809678666	NA	NA	NA	NA	8
609	674	7.03E-05	0.892713163	0.001365304	0.817483537	2.06E-06	0.827270256	NA	NA	NA	NA	7
614	680	1.99E-07	0.888461574	0.01142556	0.791936106	1.59E-07	0.829704759	NA	NA	NA	NA	7
637	705	5.17E-08	0.861660764	0.019927297	0.736043979	2.28E-06	0.780867298	NA	NA	NA	NA	4
671	742	1.12E-06	0.922163893	0.049103464	0.709211373	1.52E-06	0.80782249	NA	NA	NA	NA	7
687	759	0.001109596	0.804815872	0.025550549	0.720000764	0.000744218	0.73786688	NA	NA	NA	NA	2
695	768	1.44E-05	0.915669681	0.010952428	0.735469998	1.37E-06	0.800179288	NA	NA	NA	NA	7
729	806	0.000119033	0.919341951	0.011984011	0.706844494	4.16E-06	0.81454799	NA	NA	NA	NA	6
758	840	1.44E-06	0.812774568	0.042413329	0.755553141	2.13E-06	0.777345954	NA	NA	NA	NA	3
771	859	5.27E-06	0.881094877	0.006757411	0.764163061	1.73E-07	0.793141388	NA	NA	NA	NA	7
796	886	0.000201105	0.790909354	0.043774705	0.749564624	2.05E-06	0.721750977	NA	NA	NA	NA	3
806	897	0.011080407	0.786447756	0.043055249	0.705213128	0.001863194	0.724343775	NA	NA	NA	NA	2
845	938	0.001013082	0.772176559	0.030812191	0.729703943	0.000101364	0.742823326	NA	NA	NA	NA	2
852	946	0.000821985	0.910767005	0.006662835	0.709793067	6.52E-06	0.782557171	NA	NA	NA	NA	6
855	950	0.00568705	0.81446701	0.001192874	0.733121988	1.47E-06	0.742478779	NA	NA	NA	NA	3
893	992	0.000289431	0.809837503	0.022914563	0.75401622	4.70E-05	0.743581331	NA	NA	NA	NA	3
895	994	0.005584155	0.751110067	0.009267551	0.734579795	0.000116039	0.734886282	NA	NA	NA	NA	2
												
												
												
												
												
												
												
												
												
												
												
												
												
												
												
												
												
												
												
												
												
												
												
												
												
												
												
												
												
												
												
												
												
												
												
												
												
												
												
												
												
												
												
												
												
												
												
												
												
												
												
												
												
												
												
												
												
												
												
												
												
												
												
												
												
												
												
												
												
												
												
												
												
												
												
												
												
												
												
												
												
												
